38
9
0 0
26 0
26 5
18 5
18 17
15 24
10 24
4 20
0 20
9
8 5
8 0
32 0
32 7
24 7
24 12
8 12
0 17
0 5
8
12 8
19 8
19 31
14 31
0 16
0 11
7 0
12 0
5
4 8
5 27
0 27
0 0
4 0
7
1 20
0 15
15 1
34 0
42 0
42 5
23 5
5
22 0
36 0
24 6
16 15
0 15
5
15 20
15 25
0 25
0 0
9 8
6
0 25
0 6
7 3
12 0
18 0
18 25
7
15 5
15 13
19 22
0 22
0 0
27 0
27 5
10
10 12
17 13
32 11
39 9
37 0
52 0
47 9
47 17
0 17
0 9
11
17 8
17 0
22 0
22 46
0 46
0 40
4 41
12 42
18 22
12 12
9 8
6
14 0
16 5
16 9
0 9
0 3
10 1
6
0 4
1 0
6 2
10 2
10 8
6 8
4
2 0
7 0
9 8
0 8
9
11 10
27 10
37 0
38 4
35 11
27 16
11 16
0 9
1 4
6
12 6
10 10
1 14
0 10
10 0
19 0
10
6 26
0 16
0 9
6 2
10 0
17 3
24 7
24 22
15 24
10 25
5
0 9
1 0
5 1
10 2
10 7
5
12 4
11 9
2 8
0 0
5 1
6
7 10
1 12
0 3
8 1
13 0
13 10
4
0 6
0 0
6 0
6 6
4
7 0
9 6
3 6
0 1
4
5 9
0 1
7 0
10 7
5
9 4
11 11
1 14
0 5
8 0
5
9 9
4 11
0 12
0 3
7 0
4
11 0
10 5
0 8
2 0
4
9 0
11 7
2 7
0 2
4
8 3
11 15
2 15
0 0
4
7 0
10 9
3 10
0 2
5
10 4
12 9
3 13
0 3
9 0
5
10 8
1 8
0 3
5 1
12 0
5
1 6
5 0
12 3
8 12
0 10
5
2 7
0 0
9 0
11 5
6 6
4
10 0
9 7
0 9
1 0
6
3 8
7 0
14 4
10 10
9 14
0 12
5
8 2
17 3
20 14
0 8
1 0
5
3 0
13 6
8 16
4 14
0 11
4
10 0
12 4
3 9
0 5