23
4
77 78
75 83
66 82
69 76
6
21 77
17 81
10 86
4 79
9 76
13 71
4
52 77
45 83
36 79
44 71
4
101 64
106 72
99 74
96 65
5
88 66
86 70
83 75
72 72
77 62
4
29 65
23 71
18 68
21 60
4
62 63
59 68
54 65
57 60
5
42 54
39 70
35 69
30 66
37 53
4
18 53
16 60
7 61
9 52
5
95 49
100 50
95 57
86 55
87 50
4
76 45
77 49
66 52
65 47
4
16 39
18 48
8 44
7 39
5
60 40
60 45
54 46
47 45
51 38
4
38 35
40 43
33 45
31 35
6
93 34
91 38
90 43
86 41
86 35
88 31
5
107 29
109 40
99 40
98 35
97 31
5
68 25
72 32
68 35
62 37
59 30
4
28 27
25 32
16 29
20 21
4
99 16
101 23
95 22
93 17
5
42 19
40 26
31 23
32 18
34 14
4
83 17
79 23
71 17
75 13
6
58 20
55 23
51 28
44 23
51 16
53 12
4
21 11
18 23
10 27
12 11
