38
10
13 33
10 43
9 50
12 66
14 73
23 71
23 86
14 81
6 81
5 33
4
22 27
24 36
16 38
17 29
5
40 21
40 30
40 38
32 37
30 16
9
62 8
64 33
59 33
59 42
47 43
52 34
50 18
55 17
55 9
4
8 76
8 87
3 86
3 75
5
20 76
19 85
14 84
12 77
13 72
8
39 50
46 62
46 67
32 82
27 82
27 59
34 58
34 50
4
55 45
55 54
48 55
49 46
5
71 48
67 60
68 73
61 61
63 34
4
78 32
74 38
71 34
73 28
4
89 21
89 30
84 31
83 23
5
105 11
102 27
97 26
96 11
101 10
9
19 49
10 60
12 77
19 86
14 88
5 77
4 61
8 52
15 48
4
28 41
28 68
24 69
23 41
4
40 34
42 43
34 46
34 37
5
55 30
55 40
50 40
48 35
47 28
5
67 19
71 28
67 30
63 32
60 24
4
83 15
85 24
76 26
78 16
6
107 9
107 35
101 35
96 32
89 29
88 10
5
20 88
4 87
5 82
11 70
20 62
7
47 51
46 78
24 78
25 58
34 63
42 63
42 50
4
56 45
56 51
50 52
50 46
5
70 39
71 49
60 50
61 40
66 40
4
78 33
82 41
75 47
74 36
4
95 30
92 45
85 40
87 27
4
107 24
107 29
99 31
99 22
9
10 59
10 67
23 67
30 70
30 75
26 81
26 85
5 85
5 59
11
39 37
39 46
47 46
44 50
38 60
43 81
52 80
56 79
56 85
33 85
34 37
6
57 33
56 37
57 42
53 42
50 36
51 31
5
73 26
74 31
73 38
65 38
65 28
6
88 20
87 27
88 31
79 34
80 29
80 19
5
98 15
102 15
106 26
94 27
93 15
6
114 8
116 18
113 22
112 31
107 23
110 9
8
25 62
31 69
32 74
28 80
23 86
8 84
7 65
18 60
6
57 41
43 65
44 85
39 85
38 57
52 41
5
74 46
65 48
66 41
64 36
73 33
4
92 26
91 36
79 36
83 27
4
105 18
106 27
99 29
98 20
