38
10
15 1
12 9
19 12
34 14
41 13
51 11
51 19
4 17
4 9
0 0
9
15 0
18 7
18 19
26 19
26 24
0 24
0 4
4 4
10 0
4
12 6
5 15
0 8
4 0
5
15 25
1 27
0 22
4 9
12 0
5
27 1
27 4
17 4
0 5
0 0
5
10 2
8 8
9 14
0 13
0 0
5
12 15
6 25
5 37
0 25
7 0
6
19 0
18 25
0 24
1 5
8 3
13 0
4
12 1
8 9
0 7
7 0
4
8 0
17 8
10 13
0 2
4
9 0
9 7
1 5
0 0
6
45 10
43 15
26 7
0 11
1 6
20 0
4
11 4
10 9
0 8
4 0
4
11 3
6 10
0 8
5 0
4
10 3
6 7
0 3
5 0
4
7 2
6 7
0 5
1 0
8
19 10
20 15
7 31
3 32
0 9
7 8
6 1
11 0
5
5 0
13 4
11 8
9 13
0 9
4
7 8
0 9
1 0
6 0
9
17 0
12 8
12 24
7 24
7 32
1 32
0 8
5 8
5 0
7
27 0
27 22
9 22
12 13
12 5
0 6
0 1
5
10 0
10 4
9 9
0 9
2 1
5
11 0
12 5
6 7
0 8
2 0
4
10 3
7 10
0 5
6 0
5
15 3
13 8
11 12
0 11
4 0
6
11 0
15 8
10 8
1 10
0 2
7 2
5
8 0
7 5
5 12
0 11
0 2
6
6 0
7 4
5 11
1 11
1 5
0 2
9
3 0
11 0
18 6
24 21
21 34
16 34
18 23
13 8
0 2
8
14 0
20 4
26 9
26 13
22 22
16 25
5 24
0 7
5
7 2
11 6
9 10
0 3
3 0
4
5 0
7 9
1 11
0 3
4
7 0
10 6
5 13
0 5
6
19 0
12 6
10 10
1 14
0 10
10 0
5
11 4
7 13
0 10
2 4
4 0
5
16 5
16 9
0 10
0 4
14 0
5
20 0
23 7
16 9
8 12
0 4
11
46 0
46 22
40 22
41 18
42 10
22 4
12 11
8 14
8 6
0 6
0 2
