44
4
21 75
14 84
3 86
16 63
4
36 64
39 76
24 73
23 55
4
50 65
41 64
40 53
48 48
4
61 41
61 47
55 47
55 41
5
83 33
74 45
80 50
69 53
67 35
4
100 31
97 52
93 55
87 27
4
114 27
115 44
105 38
103 20
4
11 78
8 84
3 85
3 78
4
21 77
16 85
12 86
19 67
8
57 60
36 78
28 83
24 86
20 83
34 67
38 69
53 57
3
75 67
61 75
65 49
5
79 44
82 50
73 50
75 44
75 39
9
96 32
104 47
98 55
89 60
89 51
87 46
85 42
89 34
90 27
5
108 32
112 35
106 41
102 28
106 18
6
23 65
19 74
17 85
2 85
2 81
13 66
5
34 62
36 82
29 79
27 67
29 56
7
48 53
51 60
50 70
41 68
39 64
38 55
43 51
4
63 57
57 61
55 51
59 42
6
72 38
76 42
74 47
69 50
66 46
67 36
5
88 33
92 41
82 45
79 34
84 26
4
102 17
102 51
95 37
98 17
4
112 13
115 20
106 21
106 11
4
9 77
9 81
3 84
3 72
7
34 63
36 67
27 81
14 89
11 84
19 79
28 65
5
48 58
48 67
40 67
37 58
41 55
4
63 50
55 62
54 51
50 46
4
77 37
82 42
70 53
66 36
4
97 29
90 44
85 36
81 26
4
109 16
112 35
103 36
100 17
3
19 89
4 81
6 64
4
20 57
26 75
18 74
14 59
4
42 48
37 66
28 63
26 51
4
52 47
59 65
49 60
45 42
4
62 35
69 55
59 49
52 39
3
76 29
75 43
65 29
4
85 22
89 29
89 33
82 29
4
108 34
97 41
93 35
97 16
6
20 60
18 72
17 86
8 82
9 66
7 49
6
31 45
38 58
42 69
24 66
25 59
21 44
5
46 38
53 43
55 47
46 61
37 44
6
65 33
67 41
62 47
59 41
53 36
61 30
5
86 28
83 33
76 45
69 25
75 21
7
88 14
92 15
100 27
95 36
91 38
92 31
84 16
5
114 25
111 28
108 21
103 18
105 8
