44
4
21 75
14 84
3 86
16 63
4
36 64
39 76
24 73
23 55
4
50 65
41 64
40 53
48 48
4
61 41
61 47
55 47
55 41
5
83 33
74 45
80 50
69 53
67 35
4
100 31
97 52
93 55
87 27
4
114 27
115 44
105 38
103 20
4
11 78
8 84
3 85
3 78
4
21 77
16 85
12 86
19 67
8
57 60
36 78
28 83
24 86
20 83
34 67
38 69
53 57
3
75 67
61 75
65 49
5
79 44
82 50
73 50
75 44
75 39
9
96 32
104 47
98 55
89 60
89 51
87 46
85 42
89 34
90 27
5
108 32
112 35
106 41
102 28
106 18
6
23 65
19 74
17 85
2 85
2 81
13 66
5
34 62
36 82
29 79
27 67
29 56
7
48 53
51 60
50 70
41 68
39 64
38 55
43 51
4
63 57
57 61
55 51
59 42
6
72 38
76 42
74 47
69 50
66 46
67 36
5
88 33
92 41
82 45
79 34
84 26