44
4
10 1
22 4
2 20
2 9
4
3 15
3 0
14 5
20 19
4
10 19
3 13
5 2
14 2
4
7 1
7 7
1 7
1 1
5
2 2
18 2
8 12
13 18
2 20
4
7 2
19 18
9 28
2 1
4
24 0
13 14
1 14
11 0
4
6 4
10 7
10 13
3 10
4
1 1
6 9
4 18
0 21
7
29 10
3 14
3 9
22 6
22 2
43 2
43 7
3
2 4
22 4
22 20
5
5 5
1 4
7 1
13 0
11 9
10
16 24
11 32
5 36
5 29
3 25
2 21
6 13
7 4
15 10
20 18
5
9 19
1 22
3 9
11 2
7 15
6
10 3
22 16
22 20
8 21
5 11
0 3
5
0 2
20 1
26 5
16 8
4 8
7
7 15
3 9
4 4
11 2
17 8
19 12
16 20
4
14 12
2 2
12 2
20 8
6
14 7
10 10
4 11
1 7
1 1
6 1
5
11 6
17 2
18 11
11 20
3 12
4
17 0
36 3
36 7
3 7
4
11 2
10 11
3 8
1 1
4
13 8
6 12
2 11
2 4
7
9 21
9 30
3 30
3 15
10 1
15 1
16 7
5
9 12
2 12
0 7
6 1
13 4
4
18 1
15 15
10 6
4 2
4
19 8
6 18
2 12
3 2
4
1 7
15 1
14 11
11 20
4
22 11
3 11
3 2
22 2
4
6 9
12 2
28 8
1 15
4
4 21
4 2
11 2
11 18
4
3 21
3 3
12 3
17 14
4
16 14
16 26
3 12
2 3
4
21 11
0 11
0 1
12 4
3
11 1
12 15
1 15
4
10 10
4 14
4 7
6 3
4
13 22
0 8
0 1
13 1
6
22 13
12 25
3 22
12 11
18 1
35 1
6
7 10
21 3
22 13
11 22
1 28
1 10
5
14 5
14 24
3 24
0 17
0 12
6
7 8
7 2
14 5
16 12
14 17
4 15
5
13 3
16 10
0 22
1 8
1 3
8
10 8
14 19
20 23
16 24
6 22
2 9
4 5
8 3
6
22 8
15 6
10 8
3 0
16 2
22 3