23
5
18 74
18 79
17 83
6 86
7 74
4
28 74
27 81
21 81
21 71
4
41 80
31 81
32 72
41 69
4
52 66
52 72
46 72
46 66
4
62 62
64 71
55 72
57 62
6
71 59
74 65
73 69
67 68
68 64
67 59
5
85 55
87 69
77 68
78 62
76 55
6
13 32
14 41
15 46
5 44
6 39
5 32
5
29 32
28 42
28 49
20 48
19 27
4
40 22
42 31
33 34
33 24
4
52 18
54 27
46 30
48 19
4
67 13
66 26
58 30
58 14
5
17 77
19 86
11 85
11 81
11 76
4
28 74
25 82
20 81
19 73
5
40 71
40 81
36 80
30 81
29 71
4
49 66
52 73
46 73
43 68
5
59 63
62 70
63 75
55 73
54 64
4
68 58
71 68
66 70
63 59
5
22 41
19 47
15 50
10 44
16 36
5
29 31
32 36
34 42
25 41
24 32
5
39 22
45 28
42 35
34 30
37 26
4
52 15
55 24
47 24
46 15
4
67 7
67 16
60 17
60 8
